index,genre,similarity_EN_to_centroid,similarity_FR_to_centroid,difference_FR_minus_EN
0,Poems,0.6617075,0.5890356,-0.07267195
1,Poems,0.60916495,0.75309896,0.14393401
2,Poems,0.6528941,0.704713,0.051818907
3,Poems,0.6471046,0.699008,0.051903367
4,Poems,0.7050221,0.6936916,-0.011330485
5,Poems,0.5567405,0.7567032,0.19996268
6,Poems,0.5908339,0.76400864,0.17317474
7,Poems,0.49945152,0.7572738,0.25782228
8,Fiction,0.5983874,0.5564748,-0.041912615
9,Fiction,0.68195355,0.33872974,-0.3432238
10,Fiction,0.7145656,0.3907038,-0.32386178
11,Fiction,0.68982464,0.5344254,-0.15539926
12,Crime,0.6725966,0.6194279,-0.053168654
13,Crime,0.7290814,0.67846,-0.05062139
14,Crime,0.74486613,0.5275285,-0.21733761
15,Crime,0.5379621,0.4928749,-0.04508719
16,Technical,0.6509619,0.54580134,-0.105160534
17,Technical,0.63288665,0.42646122,-0.20642543
18,Technical,0.64513063,0.4841097,-0.16102093
19,Technical,0.7178134,0.60956806,-0.10824531
20,Judiciary,0.685614,0.80607116,0.12045717
21,Judiciary,0.7641137,0.8056377,0.041523993
22,Judiciary,0.8333043,0.8023424,-0.030961871
23,Judiciary,0.8369604,0.7163945,-0.12056589
24,Judiciary,0.8372261,0.34309196,-0.49413413
